100 0.010101
0.000000 1.577384
0.010101 1.573343
0.020202 1.567447
0.030303 1.559457
0.040404 1.553411
0.050505 1.549551
0.060606 1.545551
0.070707 1.541276
0.080808 1.536589
0.090909 1.531355
0.101010 1.525437
0.111111 1.518700
0.121212 1.511008
0.131313 1.455683
0.141414 1.389156
0.151515 1.317962
0.161616 1.202143
0.171717 1.118667
0.181818 1.023380
0.191919 0.914345
0.202020 0.800047
0.212121 0.706655
0.222222 0.634628
0.232323 0.614373
0.242424 0.598208
0.252525 0.579958
0.262626 0.557117
0.272727 0.535905
0.282828 0.522066
0.292929 0.516128
0.303030 0.515326
0.313131 0.515740
0.323232 0.515139
0.333333 0.514815
0.343434 0.514694
0.353535 0.514730
0.363636 0.514879
0.373737 0.515096
0.383838 0.515336
0.393939 0.515669
0.404040 0.516635
0.414141 0.518079
0.424242 0.518972
0.434343 0.519434
0.444444 0.519875
0.454545 0.520369
0.464646 0.520990
0.474747 0.521812
0.484848 0.522906
0.494950 0.524349
0.505051 0.527030
0.515152 0.530731
0.525253 0.534992
0.535354 0.539555
0.545455 0.544165
0.555556 0.552330
0.565657 0.564632
0.575758 0.574269
0.585859 0.579594
0.595960 0.586726
0.606061 0.597911
0.616162 0.607517
0.626263 0.618881
0.636364 0.631400
0.646465 0.644470
0.656566 0.657487
0.666667 0.669848
0.676768 0.755915
0.686869 0.861335
0.696970 0.974310
0.707071 1.092940
0.717172 1.145122
0.727273 1.198861
0.737374 1.254058
0.747475 1.303991
0.757576 1.341938
0.767677 1.373846
0.777778 1.376738
0.787879 1.390245
0.797980 1.404791
0.808081 1.417759
0.818182 1.424616
0.828283 1.431032
0.838384 1.437362
0.848485 1.443958
0.858586 1.451144
0.868687 1.459005
0.878788 1.467945
0.888889 1.477004
0.898990 1.485226
0.909091 1.491655
0.919192 1.495181
0.929293 1.496481
0.939394 1.496488
0.949495 1.495591
0.959596 1.494179
0.969697 1.492638
0.979798 1.491358
0.989899 1.487049
1.000000 1.485617
