1000
7.356043362074146e-01
1.786759690252960e-01
2.016291055038174e-01
7.509733658450540e-01
9.069494623557403e-01
4.000329752485686e-01
7.624682439210914e-01
1.976796375415587e-01
7.743570206595596e-01
8.585139990225304e-01
8.487319743700429e-01
9.020705657644068e-01
8.715288210132106e-01
9.909611418815147e-01
1.000000000000000e+00
9.019679586746453e-01
7.520606885723194e-01
7.593769268190425e-01
7.001625744889240e-01
1.396140829728532e-01
7.188021875989574e-01
1.757297161407230e-01
1.274729486167315e-01
2.747259926666916e-02
7.100318262809719e-01
4.536017547321890e-02
8.548512471906947e-01
1.109473321119807e-01
8.972224013663140e-01
7.357269278105993e-01
5.663244636083031e-01
1.907402524229587e-01
2.087565083934615e-01
8.452422844969808e-01
1.265651519441649e-01
7.329648729533835e-01
9.565277057923585e-01
8.249580216838006e-01
1.326696753756511e-01
4.878421827355499e-02
1.758709863040463e-01
9.173971704939342e-01
4.013333607580981e-01
8.427432402427121e-01
2.672065812779996e-01
7.975078558177917e-01
8.290549798385130e-01
7.057145447005223e-01
3.094494276419628e-01
6.925320738719508e-02
3.393057261497208e-01
1.496193628393109e-01
6.394244684434730e-01
7.107461184577257e-02
9.699928153599761e-01
4.868578590928180e-02
9.063487647954204e-03
3.230782833736211e-03
8.653576978512960e-01
8.126900272197349e-02
7.380923941544456e-01
4.976975005821835e-01
1.854392378168584e-01
8.397321565646424e-01
1.346615956370320e-01
1.729951613229252e-01
1.000000000000000e+00
3.125270108842321e-01
5.325794956660002e-01
4.774622280614718e-01
5.071483616330961e-01
6.087537041306559e-01
9.120642803815422e-01
1.403997294105443e-01
4.444143888736600e-01
9.804456752872421e-01
6.640754350698892e-01
7.579478281593653e-01
9.289258236230283e-01
9.324131184321564e-01
1.879538955998174e-02
6.111885721072394e-01
8.960290677758214e-01
8.244026517614637e-01
3.366378140328276e-01
8.069299393533159e-02
7.274128314301186e-01
1.463918081397417e-01
7.554857265333567e-01
8.496193557062462e-01
7.424460453177285e-02
8.431246333809551e-01
6.659946917996388e-01
1.691121334776090e-01
8.973869378007366e-01
8.521314997653943e-01
9.110214444442123e-01
6.123014328603138e-01
7.427097718074022e-01
1.714063235558156e-01
6.068194209462360e-01
7.333119805338107e-01
2.086325058142615e-01
6.496067555153301e-02
8.152724978181886e-02
6.110763611651027e-02
1.775513406677953e-01
4.694482709964878e-01
8.599015594735576e-01
3.999379393317773e-02
9.599790869750404e-01
6.254944480126621e-01
8.377366413270300e-01
9.210918270003737e-01
9.518721461678589e-02
6.347915108076662e-01
9.864477657376978e-01
9.606531594034883e-01
6.269246062886050e-01
7.696297073709650e-01
1.208377662917967e-01
4.200850874596813e-01
9.222550196598420e-01
9.615724238587612e-01
2.038990346086756e-01
2.187046573916661e-01
7.672974771549206e-01
1.259684933015481e-01
9.362063036280970e-01
8.831189814118455e-01
4.872721057968909e-01
6.116440693139086e-01
8.398382505568308e-01
4.186137187478604e-01
6.552606160037181e-01
7.815335802254337e-01
9.186221834874738e-01
2.499605115122534e-01
8.428915676313588e-01
9.461596534608889e-01
2.821533129253451e-02
1.591983488063293e-01
2.146308962293791e-01
5.244444943012835e-01
8.320164036135609e-01
8.514562704177197e-01
9.064169683915811e-01
1.091396158046153e-01
9.301494402212319e-01
1.276383311568083e-01
9.792382779469496e-01
8.892038198940216e-01
6.836405776269933e-01
5.652436504153876e-01
7.342761169495080e-01
2.180133319788253e-01
1.044462501924826e-01
9.191529136472232e-01
5.002467076816224e-02
1.078349341588302e-01
8.162658156318929e-02
9.257413655497258e-03
1.361354295426719e-01
4.724894527420450e-02
7.002228782679646e-01
1.000000000000000e+00
9.432628736845815e-01
2.474125062476471e-01
4.123155173897557e-02
1.382677841884399e-01
9.732399802297381e-02
9.678870387875238e-01
9.836605296037876e-01
5.680496120411888e-01
2.081384076880977e-01
4.160336288397795e-03
3.925793820472278e-01
2.169631469704418e-01
9.496486907883301e-01
1.766694604209569e-02
2.164198425455530e-01
7.323188203236508e-01
6.792732394173157e-02
5.443698749810668e-01
8.660700172037328e-01
6.590974044351766e-02
1.743543768460822e-01
1.827805127222813e-01
9.438886625476145e-02
2.312180119639766e-01
3.889093261333841e-01
7.696131952023688e-02
6.178864101617170e-01
5.233023559716815e-01
6.332016659837428e-02
7.990064853548714e-01
9.823496585496257e-01
7.202258445108597e-01
1.988537113172313e-02
4.095408191452954e-01
8.943612063271805e-01
7.683860726039725e-01
5.110791740755091e-02
8.998737896090880e-01
9.105101574354076e-01
8.454842472691801e-02
9.385011911548351e-02
8.217520755240164e-01
1.522285785460032e-01
4.457344733388580e-02
8.102146110411549e-01
1.548448940907131e-01
2.144335743768211e-02
9.308836063874820e-01
1.830893338502410e-02
7.248027990061425e-01
6.711620027776079e-02
9.402442247439481e-01
1.083567172213273e-01
3.453876589174584e-02
9.183567937431811e-01
9.713832618467142e-01
8.450517790726529e-01
8.451576174486349e-01
1.107263120378694e-01
2.606608325600369e-02
7.884017932317632e-01
9.410192316562830e-01
7.353344020771333e-01
4.802087225436567e-01
4.837126148119261e-01
7.114590506320474e-01
5.363154436096834e-01
2.684735737143444e-02
7.239001271477089e-01
8.039871334167406e-01
7.835635621453555e-01
6.871401140287257e-01
1.000000000000000e+00
5.600754606517334e-01
9.818377331246944e-01
1.707817318539440e-01
1.086740293655735e-02
8.059299559064050e-01
7.292117040506676e-01
8.690629810565953e-01
8.116118983165305e-01
6.144205871354959e-01
9.055360393795183e-01
3.056263394562760e-02
6.049547603516199e-02
7.619958371703448e-01
7.434000522813313e-01
1.276590111221628e-01
2.077289667349151e-01
5.629195253182754e-02
3.754654555226900e-01
1.202522370486308e-01
9.651481618548102e-01
2.378884796913862e-03
8.926299563124412e-01
8.663841895961496e-01
6.928271887713291e-01
8.730315941718417e-01
4.029879440579122e-01
2.338019282902594e-01
1.036048718639133e-01
4.240853444936822e-01
2.154077186669396e-02
1.084570738089791e-01
9.264374698157452e-01
3.828696254754306e-01
5.007175307153146e-01
6.555397552587158e-01
8.656274149434789e-03
9.205509767513920e-02
1.025836145787442e-01
7.628689063947650e-02
3.520531342252851e-02
8.577777672274064e-01
6.782587108741976e-01
1.537769038142437e-01
1.282179711429431e-01
8.780517990940908e-01
3.003906747290808e-01
5.352977105792270e-01
9.765579829033818e-01
3.487332518004179e-01
7.022192346617674e-01
9.028297182311634e-01
1.768362878613087e-01
5.378777698461460e-02
7.361187784561212e-01
9.846849901008234e-01
8.393501758720903e-01
1.948229021076141e-01
1.447534954667105e-01
9.428957118162125e-01
7.525223608156250e-01
7.334605774391992e-01
1.334303968283597e-01
4.006240983994888e-01
8.344636071507042e-01
9.134134553697451e-01
7.893885897158610e-01
8.729400517469738e-02
2.135294388645699e-01
1.438159312525332e-02
6.158294491773619e-01
7.797872557251849e-01
9.023168043960705e-01
1.874773790125967e-01
9.238465683300703e-01
7.918402551080712e-01
2.844993632416712e-02
6.328064536158634e-02
7.530064661772276e-01
1.319956833591559e-01
7.786140120882433e-01
1.002024363515961e-01
2.861035285269547e-01
6.164824933243923e-01
4.795076386036962e-01
1.001381644967485e-02
7.174223695343118e-01
2.194011877957500e-01
1.764946582936032e-01
6.080417636559494e-01
7.975947923783643e-01
8.981682831570806e-01
2.032774346853320e-01
8.378640675854336e-01
7.589023183676699e-02
8.033603815939336e-01
4.959530765102825e-01
7.321943661259158e-01
9.005720546408338e-01
8.739492832869354e-01
9.049007452480112e-01
7.318205884978844e-01
8.071285450963149e-02
2.267464146663651e-01
8.656719898050518e-01
7.696131952023688e-02
7.750002858190094e-01
1.086979476470007e-01
7.326917695725547e-01
8.985177240435483e-01
8.372693511101109e-01
9.344728596072017e-01
1.489557486220043e-01
2.058716497094640e-01
4.347830872047430e-01
1.254756980767200e-01
7.753107968045440e-01
5.088242328137290e-01
3.846209014201588e-02
8.950425691538992e-02
1.563574831179203e-01
1.840545007484865e-01
8.189484684719353e-01
7.499523816862731e-01
8.652319662877216e-01
3.767695131292863e-02
3.272725064100314e-01
7.198839621681901e-01
8.216665209922380e-01
7.203309314195221e-01
1.673303127141614e-01
8.880672078593342e-01
5.747558599815814e-02
9.633294804762608e-01
8.166631520893307e-02
9.324742988914095e-01
6.029316263044510e-01
8.347613490184244e-01
9.333308251389538e-01
9.831279289003855e-01
1.828709377296429e-01
9.678464453207783e-02
7.327662852161909e-01
3.293191237688418e-02
3.019892088896289e-01
9.239281803360315e-01
8.037710524382711e-01
4.954294489977273e-01
6.806719613609313e-01
8.851083442031551e-01
9.882934850729421e-01
9.331880707879573e-01
8.340381944532350e-01
7.466130527937882e-01
3.667550228497729e-01
2.789850889811769e-01
1.562366780435966e-01
6.495512003284999e-01
1.035648139586995e-01
7.182990434956712e-01
1.846058949480120e-01
4.978836485131211e-02
3.726808358880404e-01
7.376734601634665e-03
8.837823701781772e-01
8.972635368686134e-01
2.163295942141382e-01
3.205186925947892e-01
5.863815397896387e-01
9.101419929192025e-01
8.075248258955237e-01
9.418350669172102e-01
8.750540058586888e-01
9.515057929727078e-01
8.511607870332455e-01
1.426861830600592e-01
7.541334690658466e-01
2.736399648645858e-01
1.841767485819073e-01
2.948876223957931e-01
7.349145710880380e-02
2.989109013246539e-01
9.660065333555879e-01
1.000000000000000e+00
8.432517497716925e-01
9.526487853554945e-01
9.180301376297875e-01
6.501626606686752e-01
6.856052152261809e-02
9.749623718511919e-01
4.645881047234177e-01
1.742149523183050e-01
7.514133273915516e-01
7.259324257244637e-01
9.172338089437923e-01
8.067492312500515e-01
1.710257958226445e-01
9.483427673716361e-01
4.087786483953146e-02
7.482051600864293e-01
1.201513011855679e-01
4.778129314990824e-01
4.340780515486705e-01
2.879830798903445e-01
4.478773440567850e-01
8.882945924866981e-01
5.403776516202974e-01
9.852178283853740e-01
7.475740079346058e-01
2.494910084526357e-01
2.535833643335483e-01
5.858551563236919e-01
8.471252872839548e-01
4.915760036199166e-03
1.470917715886814e-01
9.200509769618775e-01
9.768362900846325e-02
8.577567281289609e-01
7.111579255326742e-01
3.163147598152394e-01
2.215232254167802e-01
9.345748269410665e-01
8.080200594969714e-01
1.190413451894457e-01
2.187046573916661e-01
9.905096027947236e-01
6.122003443117483e-01
8.645402916365711e-01
9.858645041794014e-03
6.799406034465598e-01
6.426799486245907e-01
7.936531215935752e-01
9.438952267704326e-01
8.297583991029858e-01
5.176909209818716e-01
9.183579073737592e-02
8.020625181745415e-01
2.645445655068141e-01
7.054307420932016e-01
9.477102473118197e-01
8.343359916403622e-01
8.696902389721889e-01
1.449547297924000e-01
2.866501544566063e-02
2.797381816756634e-01
7.225261925113826e-01
8.313775719587866e-01
3.026907191926777e-02
8.027981622902357e-01
6.996582170466840e-02
3.056263394562760e-02
4.823113632135224e-01
7.119343196779752e-02
7.993753951347993e-01
1.418036984744571e-01
1.000000000000000e+00
7.609817820871726e-01
2.486580118791477e-01
1.640653517567498e-01
7.781044527703286e-01
8.440922397864294e-02
9.502608866573895e-01
4.754159492798904e-01
6.681676782066830e-01
9.360227625623401e-01
2.654842746194395e-01
5.115938175141220e-01
8.295665789627514e-01
7.714057697808251e-01
7.657383473001554e-01
7.545924397944723e-01
7.927361908068684e-01
2.828823442769241e-01
1.302197013974309e-02
6.079908800080127e-01
7.788797691178029e-01
2.753122584850305e-02
7.748006610183465e-01
4.750478377181305e-02
1.823110856977556e-02
6.458507224428692e-02
5.903458397226107e-02
9.752487476548857e-01
9.853817949905678e-01
1.700252011325658e-01
5.840106784272922e-01
8.808780618416077e-01
2.889243576158363e-01
9.824520526363275e-01
1.000000000000000e+00
1.198485243793649e-01
1.946154483713856e-01
2.232025988349711e-02
9.785834930490142e-01
1.199292603471117e-01
1.493215927341834e-01
2.115779320183905e-01
7.357350839064383e-03
1.094809634698271e-01
4.888265302615776e-02
8.019326474816364e-01
8.889972195567588e-01
8.976954035973446e-01
9.790541160126670e-01
7.480416380609324e-01
6.041111374635441e-01
9.062735839353090e-01
6.987637457127823e-01
6.574895035588707e-01
6.766590671415219e-01
5.089397383594045e-01
3.509863415213044e-01
9.649846710559662e-01
1.287573294485671e-01
9.770360996144158e-02
7.760869865162966e-01
8.961113917416098e-01
1.208781539859841e-01
1.572246551936790e-02
9.387146966299701e-01
5.211866797647152e-01
7.790126219394889e-01
7.143125699104568e-01
5.783074598396399e-02
6.963376327659225e-01
4.299056969267497e-01
9.014138025119374e-01
8.756581646492868e-01
8.928514920957620e-02
9.459148359003654e-01
6.497864652722631e-01
7.485319737236742e-01
7.615679730895567e-01
7.658275916399714e-01
2.393867759707386e-02
4.768192054819715e-01
8.554411002421259e-01
3.306904406917245e-02
6.375492845344682e-02
5.665943490146450e-01
9.088531618496104e-01
3.658660245354786e-01
8.437389614357844e-01
7.653365198823611e-01
8.161841755823446e-01
1.147486277141004e-01
7.561713440642239e-01
8.456232460442089e-01
3.815666748646135e-01
5.511881055918384e-01
1.564471553632832e-02
4.156109813305469e-01
1.427525297795827e-01
2.180592607403617e-01
9.147622049445550e-01
6.844178859464436e-02
9.873499954015771e-01
8.538607523614281e-01
8.347475975278867e-02
3.778350649868809e-01
3.977861166862273e-01
4.401282474680786e-01
7.420654391628346e-01
4.202616269051351e-01
8.109671125031258e-01
8.047646738097042e-01
8.260896975195079e-01
8.960908110971182e-01
8.976954035973446e-01
8.364619890410994e-01
1.599703779419049e-01
7.816660918920060e-01
5.092861995064168e-01
2.749214126865065e-02
6.769415364546227e-01
5.789885420877013e-01
9.050237188652529e-01
3.801060631807185e-02
7.027479156703852e-01
2.577318509831566e-02
8.840517953067574e-01
8.864332490411418e-01
7.640839961608025e-01
7.146093594467214e-01
1.753350831952744e-01
6.126562954399457e-02
7.216141663220490e-01
9.109600932318852e-01
9.429161094877249e-01
3.176763738169601e-01
4.354880809455707e-01
5.315705656270223e-02
9.465880927538680e-01
1.238802523046245e-01
7.788797691178029e-01
9.685820996453666e-01
6.567011929141092e-01
3.180908205563631e-01
6.156188564925260e-02
9.615724238587612e-01
8.530595741648531e-01
9.821039249839423e-01
4.659352672170405e-01
9.653934031746884e-01
1.136618032137920e-01
1.542503112043322e-01
1.309964438468203e-02
6.461511051930215e-01
7.580841396717642e-01
1.009025374840713e-01
1.890451739461388e-01
8.718628887643901e-01
5.552908199137395e-01
5.799418758410263e-01
3.881396890143584e-01
1.539660277303906e-01
5.844325465440666e-01
7.049748161554689e-01
6.036498978394027e-01
4.358993080044052e-01
4.637093843923913e-01
1.370159640503964e-01
8.166129854047081e-01
4.508480328484102e-02
5.358632259338881e-01
1.258041287751677e-01
4.677667042034784e-02
2.644893928795606e-01
9.536687666144476e-02
8.250861645024243e-01
9.632068848983675e-01
6.330917150099511e-01
5.061071843665077e-01
3.065487081089808e-01
9.830459975382975e-01
7.384561403755091e-01
2.150750121602839e-01
4.360167988398410e-01
1.848404746272398e-02
5.070327124300099e-01
2.417636887119078e-01
3.909037213756410e-02
1.341937711641245e-01
9.276817132929989e-01
5.804780409985848e-02
6.095663687199364e-01
3.889685274196300e-01
9.840303985142095e-02
8.285432661101508e-01
6.389919772914470e-01
5.566708541166290e-01
3.352742784665819e-01
1.000000000000000e+00
1.348958852907241e-01
8.327614817731290e-01
6.582303896787249e-01
8.160340714221815e-01
7.700071756093049e-01
3.749322577005497e-01
9.067974818010154e-02
1.000000000000000e+00
8.554411002421259e-01
8.257908195883047e-01
4.527470506812500e-01
7.557372732156385e-01
8.836372767927816e-01
2.613091653923799e-01
6.840084650931839e-01
5.497407130875687e-01
8.872607727734755e-01
5.747558599815814e-02
9.761897457729444e-01
1.000000000000000e+00
7.635909369780567e-01
1.294917224719046e-03
7.702514039499180e-01
8.773028592095926e-01
7.945691874887201e-01
5.136099643533624e-01
1.196668804535365e-01
8.197406818423894e-01
7.997065450410538e-03
6.825265300241735e-01
8.910002514239637e-01
5.817932051775944e-01
9.905096027947236e-01
8.866608595738144e-01
8.065768028078758e-01
1.765230882286919e-01
6.045598527550854e-02
2.209998958914204e-01
6.490803401165778e-01
9.456496208916838e-01
1.222940695891321e-01
7.421609971821218e-01
5.835358828965399e-01
1.251714214636073e-02
7.227601046844698e-01
7.133206081483556e-02
1.003624428748683e-01
8.615190771714628e-01
5.912608454086978e-01
3.591679743290742e-01
8.648547209038741e-01
7.987242940122125e-01
4.644217564609904e-02
4.942643911883328e-01
1.245889884954501e-02
1.188396016407054e-01
7.564908471835891e-01
2.653481064172360e-02
1.316804583254257e-01
5.601582297865634e-02
3.912772027833331e-01
9.623487588323785e-01
5.596923379936144e-01
1.186983933407535e-01
9.650255434994813e-01
9.750646481244040e-01
8.955762194604043e-01
6.951302183193475e-01
2.289495760003117e-01
7.903305885569645e-01
1.037450800645864e-01
1.066713865889874e-01
5.174613521754435e-01
3.707847350781212e-01
7.425667253664353e-01
1.175489277349450e-01
1.084771456567572e-01
7.113402137581411e-02
2.897488004502056e-01
8.129653020830034e-01
1.554906219038258e-01
8.043327747394782e-01
8.177703341778479e-01
3.778943019056096e-01
8.511396794331615e-01
5.426284394827513e-01
4.167887087104173e-01
1.097821950583960e-01
8.207038078900100e-01
1.856876208229071e-01
7.046077479409775e-02
3.367563843871711e-01
2.063119746581609e-01
9.880268208151668e-01
5.871179104607606e-01
8.432941202752536e-01
2.125703287215608e-01
8.674729126669244e-01
1.368653741682563e-01
1.900945818135004e-02
3.328437400770127e-01
6.894019911186923e-01
1.477489012799096e-01
4.357818160095839e-01
9.012495828429756e-01
5.187808024069303e-01
8.198263097803582e-01
7.393028685472200e-01
2.375100147042027e-01
1.699443917603963e-01
6.820764410032724e-01
9.678464453207783e-02
7.513670416231861e-01
6.971541269416147e-01
6.836036949881520e-01
9.289258236230283e-01
5.322392827026045e-01
1.132795430133686e-01
8.487108415124053e-01
8.494617720809576e-02
7.608855530751706e-02
9.435076527087894e-01
8.982710668391061e-01
1.000000000000000e+00
7.423997378881012e-01
1.162389442197430e-01
7.234603593666169e-01
2.425283702282147e-01
8.229714733209303e-03
7.680084768500992e-01
9.430904484779132e-02
9.707902572409705e-01
7.444912324921412e-01
6.337944925532005e-02
5.132069598007979e-01
8.147041079890713e-01
4.290240173306361e-01
9.719558463514577e-01
8.437813225854918e-01
8.162270605089956e-01
4.445545125779406e-02
7.463311338449929e-01
8.663004154463086e-01
3.726808358880404e-01
3.520531342252851e-02
6.515837703889309e-02
7.757635956125569e-02
9.774172476722225e-01
9.408954856351576e-02
8.809818757468183e-01
7.342020984085881e-01
8.976542778392173e-01
8.367594713118017e-01
3.844685906978383e-01
3.371120974142232e-01
2.872190299974506e-01
7.105269375584661e-01
1.423768617941178e-01
2.458251293921852e-02
2.797381816756634e-01
9.141491896667699e-01
5.961634961923130e-01
1.000000000000000e+00
6.412463581321336e-01
8.243171980623902e-01
7.499523816862731e-01
6.563290433720972e-02
6.875977544456571e-01
9.901812229397835e-01
7.420176468652505e-01
8.046351218811212e-01
8.726142942705813e-01
8.625686635510283e-01
5.493505018461636e-01
7.004937250107484e-01
6.741293190023463e-02
7.704068155168200e-01
6.464437545725808e-02
2.010623223499052e-01
1.731331343943961e-01
6.501998487225062e-02
8.682262735611491e-01
9.729374845616028e-01
5.431342800611110e-01
3.092126592884838e-01
8.614560832276615e-01
7.791675952635382e-01
7.622433531323540e-01
7.641959764651718e-01
9.458944345978532e-01
7.275145680227730e-01
8.190127124080949e-01
3.890869293194505e-01
9.734487868730168e-01
8.552301322132366e-02
9.193978469727123e-01
7.354571391029459e-01
7.577432789165547e-01
9.809573968275943e-01
8.780725981482178e-01
1.061900921688270e-01
9.211734583545204e-01
7.010328894894429e-01
4.553721031424408e-02
5.132460252203969e-02
1.262563713031738e-01
9.617971460742121e-01
4.731933531286663e-01
3.564409529953877e-01
1.078979303202476e-02
9.641672580151808e-01
2.986149871023330e-01
9.318013137442900e-01
7.896077410882857e-01
3.173211495352807e-01
7.277941009290286e-01
4.315513156557116e-01
9.051671799180274e-01
8.661747471929991e-01
5.727828884721299e-02
7.069250187080495e-01
1.589752499438936e-01
7.257787213955350e-01
8.712573411882035e-01
9.434872543208298e-01
2.179674258376123e-01
9.881293815771129e-01
1.120735952864398e-03
5.264407242878224e-01
8.519205146858913e-01
3.338515048703877e-01
8.429975096603851e-01
3.396021710543482e-01
8.603428396856875e-01
4.222620361105800e-01
7.607109615703599e-01
9.001407979573194e-01
3.144206961984298e-01
5.374452323748730e-01
9.193366141537727e-01
9.454252114532404e-01
9.767011893423035e-01
9.625899409644133e-03
7.893447534859537e-01
3.284577133644231e-01
1.288819507705011e-01
9.341261706360434e-01
1.492758235366142e-01
1.472728232072234e-01
9.886217152297835e-01
8.659024370351075e-01
8.261323911275753e-01
4.264961561964726e-01
2.902792070048126e-01
9.228671795587478e-01
1.892390818060888e-01
6.451075568561724e-01
5.321825710909591e-01
9.796475370075148e-01
8.961319721504516e-01
8.448189167856418e-01
8.887492675535557e-01
9.143709800417282e-02
6.272739298531663e-02
8.343998002834968e-01
4.785904831833644e-02
1.985835723590828e-01
6.700238666467641e-01
1.734095691398414e-01
7.650013783442644e-01
1.889483807935010e-01
3.029366741710591e-01
8.513507455685599e-01
7.918402551080712e-01
5.447627501446031e-01
7.705400214272673e-01
7.458605952101452e-01
1.422885738266237e-01
1.292353594171210e-01
8.291615724372914e-01
9.087713141292599e-01
1.391353909248836e-01
8.426372859999204e-01
6.906274720229660e-01
5.212439067499836e-01
5.900044323625117e-01
8.783013705451517e-01
1.793445546125213e-01
8.783148199457158e-02
2.985815267748615e-02
6.981483058151280e-01
1.350024640887917e-01
2.018570879581099e-01
8.409413252863217e-01
7.974209114938174e-01
9.532611529500808e-01
1.915672175649386e-01
8.077243694808323e-02
2.344507410821840e-01
8.044191681138432e-01
8.571044083055791e-01
9.816739328278016e-01
1.000000000000000e+00
1.109272384936511e-01
1.516475441766573e-01
7.463311338449929e-01
2.132232492809967e-01
6.696296675713594e-01
6.339921035450886e-02
