100 5.909091
3.000000 511.000000
8.909091 509.691132
14.818182 507.781128
20.727272 505.192627
26.636364 503.233948
32.545456 501.983551
38.454544 500.687836
44.363636 499.302826
50.272728 497.784485
56.181820 496.088806
62.090912 494.171722
68.000000 491.989258
73.909088 489.497375
79.818184 471.574554
85.727272 450.022888
91.636368 426.959412
97.545456 389.439240
103.454544 362.396759
109.363640 331.528259
115.272728 296.205811
121.181824 259.178467
127.090912 228.923920
133.000000 205.590347
138.909088 199.028564
144.818176 193.791916
150.727280 187.879791
156.636368 180.480392
162.545456 173.608673
168.454544 169.125488
174.363632 167.201904
180.272736 166.942062
186.181824 167.076065
192.090912 166.881348
198.000000 166.776489
203.909088 166.737213
209.818192 166.748978
215.727280 166.797272
221.636368 166.867554
227.545456 166.945297
233.454544 167.053192
239.363647 167.365952
245.272736 167.833908
251.181824 168.123001
257.090912 168.272705
263.000000 168.415710
268.909088 168.575867
274.818176 168.777023
280.727264 169.043030
286.636353 169.397736
292.545471 169.864990
298.454559 170.733612
304.363647 171.932602
310.272736 173.312851
316.181824 174.791229
322.090912 176.284637
328.000000 178.929688
333.909088 182.914764
339.818176 186.036713
345.727264 187.762054
351.636383 190.072388
357.545471 193.695633
363.454559 196.807632
369.363647 200.489151
375.272736 204.544678
381.181824 208.778671
387.090912 212.995621
393.000000 217.000031
398.909088 244.881760
404.818176 279.033051
410.727264 315.631744
416.636383 354.062408
422.545471 370.967224
428.454559 388.376007
434.363647 406.257416
440.272736 422.433502
446.181824 434.726349
452.090912 445.063141
458.000000 446.000000
463.909088 450.375610
469.818176 455.087860
475.727295 459.288879
481.636383 461.510345
487.545471 463.588928
493.454559 465.639343
499.363647 467.776123
505.272736 470.104034
511.181824 472.650909
517.090942 475.546783
523.000000 478.481598
528.909119 481.145325
534.818176 483.227966
540.727295 484.370270
546.636353 484.791229
552.545471 484.793579
558.454529 484.503052
564.363647 484.045380
570.272705 483.546295
576.181824 483.131531
582.090942 481.735748
588.000000 481.272003
