n	xn1		|f(xn1)|
0 3.000000000000000e+00 9.861228866810978e-02
1 3.059167373200866e+00 3.692745776079587e-03
2 3.057106054691600e+00 4.476150597731987e-06
3 3.057103549998436e+00 6.609823799408332e-12
n	xn1		|f(xn1)|
0 4.000000000000000e+00 2.613705638880109e+00
1 2.419218645889003e+00 7.077003413730973e-01
2 2.756039712206013e+00 4.421987159786218e-01
3 3.317022504001122e+00 5.354807316593719e-01
4 3.009768959371032e+00 8.222996682146211e-02
5 3.050670709725762e+00 1.145253099628074e-02
6 3.057289041659921e+00 3.315284194800316e-04
7 3.057102843928875e+00 1.261809842834083e-06
8 3.057103549917540e+00 1.379611980212303e-10
n	xn1		|f(xn1)|
0 7.500000000000000e-01 3.357864376269049e-01
1 6.883072460969516e-01 2.819126095597957e-02
2 6.820480690939008e-01 3.223569164387818e-04
3 6.819748188604164e-01 4.453119828440322e-08
n	xn1		|f(xn1)|
0 1.000000000000000e+00 2.000000000000000e+00
1 6.000000000000001e-01 3.021130325903070e-01
2 6.524931709804664e-01 1.223535022158933e-01
3 6.882226997487054e-01 2.781052374266890e-02
4 6.816055562499178e-01 1.623411657736940e-03
5 6.819705209666883e-01 1.886410134188665e-05
6 6.819748117285146e-01 1.315406050750312e-08
n	xn1		|f(xn1)|
0 1.400000000000000e+00 1.368000000000002e+00
1 5.827956989247262e-01 8.675503980532188e+00
2 8.970812183320593e-01 2.225403416880489e+00
3 1.053399012246873e+00 4.017328206467923e-01
4 1.096736251644525e+00 2.620630276319247e-02
5 1.099982381214553e+00 1.407077523367661e-04
6 1.099999999482653e+00 4.131536002205394e-09
n	xn1		|f(xn1)|
0 2.000000000000000e+00 5.615999999999914e-01
1 2.197052631578944e+00 7.856349579718369e-03
2 2.199996104132345e+00 1.037081801058548e-05
3 2.199999999993082e+00 1.842437313825940e-11
n	xn1		|f(xn1)|
0 3.600000000000000e+00 8.400000000000247e-01
1 3.287267311988073e+00 3.369373361574191e-02
2 3.300078007935989e+00 2.076644877249123e-04
3 3.300000002765026e+00 7.360476672602090e-09
n	xn1		|f(xn1)|
0 4.000000000000000e+00 1.461599999999969e+00
1 9.846399999999543e+00 2.384506005202103e+03
2 8.126640001763215e+00 7.490634404261433e+02
3 6.855292323724136e+00 2.338798817955869e+02
4 5.926887819807209e+00 7.215429434251882e+01
5 5.265117717874523e+00 2.170392183983541e+01
6 4.816914023592060e+00 6.151477500949746e+00
7 4.547298051904492e+00 1.486669115710193e+00
8 4.426914650544906e+00 2.247113466334625e-01
9 4.401135803902440e+00 9.087710209378486e-03
10 4.400002144381176e+00 1.712508953488623e-05
11 4.400000000007632e+00 6.077272018956137e-11
n	xn1		|f(xn1)|
0 2.500000000000000e+00 8.370926812584489e-02
1 2.709273170314612e+00 3.319603917139702e-03
2 2.718266884143390e+00 5.497721604408312e-06
3 2.718281828417966e+00 1.511235581119763e-11
n	xn1		|f(xn1)|
0 2.500000000000000e+00 8.370926976203918e-02
1 2.709273099899292e+00 3.319629933685064e-03
2 2.718266963958740e+00 5.468359177029924e-06
3 2.718281745910645e+00 3.036786111465517e-08
